Satellite name: G01       UTC-time: 2022-04-01 18:00:35.999605

position = [13761605.443474334, -21059593.172630128, 7643921.436427445]

eccentricity = 0.01165025890805

semimajor = 26560321.802748144

inclination = 0.9875770641605061

acending_node = -38.89294291115894

periapsis = 0.8880722056691

true_anamoly = -0.5323276497835704

time_period = 43077.415259146226 sec  ---> 11.965948683096174 hr

----End of Data----
