Satellite name: G01       UTC-time: 0

position = [-12596603.298657462, 21824480.534794774, -8084907.71028865]

eccentricity = 0.01136995689012

semimajor = 26560310.537752826

inclination = 0.9866494766247085

acending_node = -35.39110869986444

periapsis = 0.8813775341235

true_anamoly = 0

time_period = 43077.28775199576 sec  ---> 11.965913264443268 hr

----End of Data----
